2 2222.62 400.0 600.0 800.0 1000.0 1200.0
10 4038.43 2000.0 3000.0 4000.0 5000.0 6000.0
20 6561.39 4000.0 6000.0 8000.0 10000.0 12000.0
30 9189.01 6000.0 9000.0 12000.0 15000.0 18000.0
40 11306.55 8000.0 12000.0 16000.0 20000.0 24000.0
50 13735.72 10000.0 15000.0 20000.0 25000.0 30000.0
100 26138.73 20000.0 30000.0 40000.0 50000.0 60000.0
150 38280.3 30000.0 45000.0 60000.0 75000.0 90000.0
200 50476.42 40000.0 60000.0 80000.0 100000.0 120000.0
300 72831.675 60000.0 90000.0 120000.0 150000.0 180000.0
400 98036.07 80000.0 120000.0 160000.0 200000.0 240000.0
500 121117.56 100000.0 150000.0 200000.0 250000.0 300000.0
1000 243174.0 200000.0 300000.0 400000.0 500000.0 600000.0
1500 378476.0 300000.0 450000.0 600000.0 750000.0 900000.0
2000 483459.0 400000.0 600000.0 800000.0 1000000.0 1200000.0
5000 1202186.0 1000000.0 1500000.0 2000000.0 2500000.0 3000000.0
10000 2407450.0 2000000.0 3000000.0 4000000.0 5000000.0 6000000.0
25000 5997307.0 5000000.0 7500000.0 1.0E7 1.25E7 1.5E7
50000 1.2043459E7 1.0E7 1.5E7 2.0E7 2.5E7 3.0E7
75000 1.8047141E7 1.5E7 2.25E7 3.0E7 3.75E7 4.5E7
100000 2.3829677E7 2.0E7 3.0E7 4.0E7 5.0E7 6.0E7
250000 6.0487907E7 5.0E7 7.5E7 1.0E8 1.25E8 1.5E8
500000 1.21340053E8 1.0E8 1.5E8 2.0E8 2.5E8 3.0E8
